layer1 = [0 0 0 0 0 0 0 0 0 0;
0 1 0 1 1 1 1 1 1 0;
1 1 0 1 1 0 0 0 1 0;
0 0 0 0 1 0 1 0 1 0;
0 1 1 0 0 0 1 0 0 0;
0 0 1 1 1 1 1 1 1 0;
1 0 0 0 1 0 0 0 1 0;
1 1 1 0 0 0 1 0 1 0;
1 1 1 1 1 1 1 0 1 0;
0 0 0 0 0 0 0 0 0 0];

map = ones(10,10,2);
map(:,:,1) = layer1;
